12 0.23359375 0.390625 0.0625 0.1
12 0.1703125 0.44140625 0.071875 0.071875
12 0.25546875 0.1921875 0.040625 0.08125
12 0.28828125 0.10390625 0.05 0.0953125
12 0.3609375 0.10234375 0.05 0.115625
12 0.4140625 0.1265625 0.040625 0.090625
12 0.43046875 0.275 0.0453125 0.1125
12 0.49921875 0.52578125 0.0625 0.096875
12 0.43515625 0.525 0.071875 0.065625
12 0.49921875 0.64140625 0.053125 0.0953125
12 0.296875 0.4265625 0.040625 0.10625
12 0.29140625 0.33671875 0.046875 0.0859375
12 0.06640625 0.5671875 0.046875 0.1
12 0.1359375 0.53828125 0.0328125 0.0953125