12 0.390625 0.76640625 0.1 0.0625
12 0.44140625 0.8296875 0.071875 0.071875
12 0.1921875 0.74453125 0.08125 0.040625
12 0.10390625 0.71171875 0.0953125 0.05
12 0.10234375 0.6390625 0.115625 0.05
12 0.1265625 0.5859375 0.090625 0.040625
12 0.275 0.56953125 0.1125 0.0453125
12 0.52578125 0.50078125 0.096875 0.0625
12 0.525 0.56484375 0.065625 0.071875
12 0.64140625 0.50078125 0.0953125 0.053125
12 0.4265625 0.703125 0.10625 0.040625
12 0.33671875 0.70859375 0.0859375 0.046875
12 0.5671875 0.93359375 0.1 0.046875
12 0.53828125 0.8640625 0.0953125 0.0328125